9.625
2.1875
5.171875
6.46875
5.76171875
7.74609375
7.232421875
2.0068359375
4.07666015625
8.96557617188
9.40106201172
3.85659790039
2.95281982422
5.8469619751
5.33855819702
2.24555015564
9.53639984131
0.2847032547
6.44827008247
3.18386936188
8.73117917776
4.2860802114
7.7107796818
6.59985300153
7.94311768562
9.30022267252
8.16079877876
6.9765718705
3.14002457098
4.14828934718
3.96588359034
2.71629440135
6.32065609099
9.13623713423
9.18330351822
2.07986304071
6.88083298039
6.41495270189
4.08628153149
0.957419774495
5.38046769332
3.48732703365
4.81399645563
8.33327625878
9.33428189252
0.152553510852
0.578824528493
8.87068109121
0.437256395817
7.02709445264
2.05455037765
9.16843556799
1.31317466032
9.76533005014
5.76828856487
9.25629234407
-5.43933163304